18.858	0
46.467	511
46.480	620
47.061	8812
47.140	14480
54.858	15928
60.918	21720
60.993	24616
61.036	26064
61.618	27512
61.663	31856
74.230	33304
76.071	34752
76.140	40544
77.872	43440
77.945	49232
90.169	50680
91.661	52128
91.721	60320
91.757	60816
92.913	62264
92.955	63712
92.977	66608
93.585	72400
108.044	75296
108.653	78192
108.677	83984
108.838	92176
108.901	95568
109.832	97016
110.625	98464
110.719	104256
110.768	107152
124.235	110048
124.323	112944
124.898	118736
125.021	124528
125.097	128872
125.161	131768
125.212	133216
125.242	134664
125.288	136112
125.345	137560
125.377	139008
125.429	141904
125.866	143352
125.911	144800
125.976	146248
126.000	147696
126.016	149144
126.097	152040
126.192	153488
140.551	160728
140.628	163624
140.692	165072
140.746	167968
140.869	170864
140.921	172312
141.077	175208
141.124	176656
141.152	178104
141.223	179552
141.274	182448
141.320	183896
141.339	185344
141.414	186792
141.536	188240
141.568	189688
141.634	191136
141.680	192584
141.701	194032
141.769	195480
141.823	198376
141.878	199824
141.955	202720
142.006	204168
142.045	205616
142.081	207064
142.113	208512
142.178	209960
142.949	211408
157.265	218648
157.418	221544
157.460	224440
157.511	225888
157.687	228784
157.743	231680
157.786	233128
157.886	236024
157.941	237472
157.984	240368
158.131	241816
158.148	243264
158.218	244712
158.251	246160
158.295	247608
158.361	249056
158.383	250504
158.415	251952
158.451	253400
158.481	254848
158.555	256296
158.578	257744
158.724	259192
158.767	260640
158.805	262088
158.852	263536
158.892	264984
158.960	267880
159.049	270776
159.106	272224
159.146	273672
159.198	275120
159.237	278016
159.304	279464
159.343	280912
174.982	288152
175.146	292496
175.210	293944
175.223	295392
175.407	298288
175.445	299736
175.490	301184
175.534	302632
175.548	304080
175.596	305528
175.634	306976
175.711	309872
175.756	311320
175.845	314216
175.887	315664
175.925	317112
176.062	318560
176.097	320008
176.152	321456
176.184	322904
176.226	324352
176.285	325800
176.323	327248
176.350	328696
176.486	330144
176.530	333040
176.660	335936
176.687	337384
176.742	338832
176.798	341728
176.835	343176
176.910	344624
176.946	347520
177.036	350416
177.828	350892
