17.746	0
39.240	511
39.257	620
39.834	8812
39.897	13991
54.436	22183
54.531	30375
54.562	31367
68.344	32815
70.040	37159
70.112	40055
70.447	42951
85.023	45847
85.611	48743
85.651	56935
85.723	61775
85.761	63223
99.703	64671
100.388	66119
100.430	70463
100.515	73359
100.543	74807
100.658	79151
101.682	80599
101.715	83495
101.738	84943
101.762	86391
114.868	94583
114.950	95079
115.882	96527
116.754	97975
116.777	100871
116.804	109063
116.839	113903
118.633	115351
118.718	118247
118.744	119695
118.774	121143
131.391	124039
131.498	126935
131.542	129831
131.671	134175
131.722	135623
133.011	139967
133.091	142863
133.284	150103
133.369	151551
133.516	154447
133.570	155895
134.660	160239
134.746	163135
134.814	164583
134.855	167479
146.840	170375
147.908	177615
148.038	183407
148.111	184855
148.664	186303
148.734	189199
148.779	190647
148.808	192095
148.825	194991
148.944	197887
148.973	199335
149.078	200783
149.142	203679
149.212	205127
149.253	208023
149.299	210919
149.346	212367
149.378	213815
149.409	215263
149.459	216711
149.585	218159
149.629	219607
149.659	221055
149.717	223951
149.764	225399
149.795	226847
149.851	229743
149.877	231191
166.429	238431
166.510	239879
173.902	248071
173.982	248567
174.007	254359
177.356	257255
177.415	260151
179.330	267391
179.427	275583
179.490	283319
179.540	286215
179.563	289111
179.598	294903
179.639	300695
179.693	303591
183.020	307935
183.082	309383
183.626	316623
183.699	318071
190.433	319519
191.465	320967
194.877	329159
194.974	329655
195.044	332551
195.099	335447
195.186	336895
195.210	338343
195.264	341239
195.305	342687
195.343	344135
195.386	347031
195.429	348479
195.481	350892
