15.090	0
68.039	511
68.066	628
68.702	8820
68.767	14480
81.518	15928
83.553	24120
83.647	31856
97.695	34752
97.798	37648
98.721	43440
98.796	44888
111.774	46336
112.943	52128
113.015	53576
113.069	55024
113.516	57920
113.549	59368
113.585	60816
126.984	62264
127.643	65160
127.686	68056
128.494	73848
128.564	82040
128.604	83984
141.088	85432
142.196	91224
142.286	92672
142.832	95568
143.287	97016
143.343	98464
143.389	101360
143.420	102808
143.517	105704
143.570	108600
143.598	111496
143.896	112944
143.924	114392
143.991	115840
144.038	118736
156.807	120184
157.942	123080
157.990	127424
158.170	130320
158.975	131768
159.935	139960
160.032	148152
160.074	156344
160.102	157832
160.965	165072
172.187	167968
173.246	170864
173.829	176656
174.816	178104
174.866	179552
174.923	182448
174.960	183896
175.043	185344
175.091	189688
176.607	191136
176.641	195480
176.687	199824
176.951	208016
177.035	215752
177.082	218648
177.124	221544
177.142	222992
187.518	224440
188.672	231680
188.764	233128
189.187	234576
189.952	236024
190.028	238920
190.081	241816
190.095	243264
190.771	246160
190.816	253400
190.879	256296
190.927	257744
191.486	259192
192.029	260640
192.096	263536
192.148	264984
193.937	273176
194.031	281368
194.080	289560
194.121	292496
202.865	300688
202.949	301184
203.004	304080
204.640	309872
204.697	311320
204.811	315664
205.801	318560
205.847	320008
206.582	327248
206.675	333040
206.740	337384
206.794	341728
207.880	343176
207.922	344624
207.942	347520
207.997	348968
208.050	350900
