15.414	0
44.057	511
44.070	620
44.754	8812
44.820	14480
59.320	22672
59.409	30864
59.454	31856
72.481	33304
75.182	37648
75.251	40544
75.281	41992
75.345	43440
90.572	44888
90.640	46336
91.042	52128
91.105	53576
91.148	56472
91.178	57920
91.190	59368
91.254	60816
105.988	62264
106.393	66608
106.481	70952
106.548	73848
106.595	75296
107.201	76744
107.231	78192
107.286	82536
107.345	85432
107.390	86880
121.640	88328
122.152	92672
122.248	94120
122.329	99912
122.376	101360
122.402	102808
122.957	104256
123.010	105704
123.055	107152
123.089	110048
123.147	112944
123.185	114392
123.277	117288
123.309	118736
138.225	126928
138.306	127424
139.175	128872
139.246	131768
139.282	133216
139.313	134664
139.331	137560
139.468	140456
139.512	141904
139.642	143352
139.702	144800
139.744	146248
139.801	149144
139.865	152040
139.889	153488
139.923	154936
139.969	156384
140.011	157832
140.030	159280
152.347	160728
155.704	168920
155.794	177112
155.836	185304
155.871	188240
155.975	191136
156.053	199328
156.140	207064
156.200	209960
157.090	211408
167.461	212856
167.521	214304
170.690	222496
170.775	222992
170.799	227336
170.911	230232
170.972	231680
171.103	236024
171.149	237472
171.196	240368
171.294	243264
171.342	247608
171.417	249056
171.808	250504
172.758	258696
172.851	266888
172.918	275080
172.965	278016
181.567	279464
182.594	280912
182.631	283808
186.371	286704
186.406	291048
186.484	292496
186.519	295392
186.983	302632
187.035	305528
187.052	306976
187.131	308424
187.572	309872
187.623	312768
187.667	314216
187.725	317112
187.758	318560
187.816	321456
187.852	322904
188.841	330144
188.896	338336
188.924	346528
188.947	350892
