15.232	0
38.791	511
38.807	620
39.309	8812
39.363	14480
52.458	15928
53.621	21720
54.915	24616
54.959	31856
68.239	33304
69.298	36200
69.369	37648
70.637	40544
71.661	43440
71.718	49232
84.361	55024
84.476	57920
84.496	59368
85.066	60816
87.019	63712
87.104	65160
87.808	68056
87.873	72400
99.424	75296
99.510	82536
99.538	83984
100.533	89776
100.623	92672
100.651	94120
101.136	95568
103.089	97016
103.701	99912
103.769	107152
114.682	108600
114.754	116792
114.819	118736
115.510	125976
115.627	128872
115.675	134664
116.263	137560
116.301	139008
116.330	140456
116.370	141904
118.970	144800
119.076	152992
119.126	153488
129.955	161680
130.041	165072
130.630	170864
130.773	176656
130.817	178104
130.841	179552
130.860	181000
130.880	182448
130.969	185344
131.571	189688
131.641	191136
131.671	192584
131.716	195480
131.805	198376
131.844	199824
132.906	201272
134.222	202720
134.325	210912
134.375	211408
145.367	219600
145.493	227792
145.550	228784
145.929	231680
145.988	233128
146.630	241320
146.701	249512
146.730	250504
147.564	258696
147.622	263536
147.683	266432
147.701	269328
147.772	272224
148.569	280416
148.619	280912
149.881	286704
149.933	288152
149.991	291048
150.011	292496
161.494	300688
161.668	304080
162.072	306976
162.113	312768
162.160	315664
163.333	318560
163.423	325800
163.474	333992
163.524	342184
163.577	350376
163.613	350892
