15.221	0
38.512	511
38.529	620
39.079	8812
39.149	13991
55.380	18335
55.471	21231
55.521	29423
55.549	31367
71.165	32815
71.214	34263
71.298	38607
71.375	41503
71.410	44399
71.458	45847
72.347	48743
86.884	54535
87.003	61775
87.063	64671
87.981	66119
88.114	70463
88.167	71911
101.938	80103
102.026	80599
102.073	83495
102.107	86391
103.149	89287
103.210	96527
103.255	97975
104.116	99423
104.185	100871
116.708	103767
116.793	109559
116.852	111007
116.965	113903
117.067	116799
117.755	118247
118.635	119695
118.700	125487
118.772	128383
118.802	131279
118.825	134175
118.843	137071
118.867	138519
119.731	139967
119.785	141415
132.645	147207
132.733	150103
132.756	151551
133.385	159743
133.472	163135
133.506	164583
133.958	166031
134.031	167479
135.272	175671
135.356	183863
135.416	192055
135.481	196439
135.521	199335
146.734	200783
147.822	202231
147.887	205127
150.127	210919
150.179	212367
150.266	218159
150.368	221055
150.403	222503
150.574	226847
150.631	228295
150.778	229743
150.847	231191
150.973	235535
151.049	241327
151.099	244223
151.130	245671
151.252	247119
151.316	248567
151.337	251463
151.407	252911
151.448	255807
151.544	258703
151.580	260151
151.693	261599
151.724	263047
151.772	264495
151.846	267391
151.897	270287
151.931	271735
151.966	273183
151.983	274631
163.197	282823
163.282	283319
167.126	286215
167.160	292007
167.214	293455
167.242	294903
167.296	297799
167.342	300695
167.363	302143
167.571	305039
167.617	307935
167.652	309383
167.727	312279
167.773	315175
167.788	316623
167.835	318071
167.866	319519
167.935	322415
167.988	325311
168.153	326759
168.177	328207
168.245	331103
168.313	333999
168.354	335447
168.423	338343
168.468	339791
168.487	341239
169.372	342687
169.445	345583
169.548	348479
169.581	350892
