17.662	0
59.059	511
59.078	620
59.743	8812
59.822	14480
74.376	22672
74.447	28960
90.203	33304
90.263	34752
90.287	39096
105.462	44888
105.531	50680
106.146	52128
120.560	60320
120.635	60816
120.701	63712
120.740	66608
135.804	69504
135.844	73848
137.101	79640
137.264	81088
152.528	89280
152.628	92672
167.444	100864
167.520	104256
167.547	105704
168.145	107152
182.621	108600
182.679	110048
184.232	117288
184.327	118736
198.569	120184
198.655	124528
200.103	127424
200.144	130320
214.309	137560
214.409	139008
216.033	140456
216.089	144800
230.253	146248
230.660	150592
230.732	158784
230.764	159280
245.037	160728
246.233	167968
246.392	170864
246.451	173760
261.087	181952
261.192	182448
261.215	185344
261.253	188240
276.276	196432
276.375	196928
276.392	201272
276.858	202720
291.490	210912
291.560	211408
291.601	214304
291.626	217200
306.239	222992
306.329	225888
306.401	231680
306.465	234576
321.356	240368
321.425	246160
321.454	249056
321.575	250504
322.420	251952
333.016	253400
336.741	256296
336.806	260640
336.841	263536
336.973	266432
348.249	269328
352.085	272224
352.157	278016
352.282	280912
353.099	282360
353.161	283808
363.067	286704
367.926	288152
368.415	289600
368.443	295392
369.012	301184
377.067	304080
384.149	309872
384.238	312768
385.210	314216
385.287	315664
385.341	318560
392.464	321456
399.392	328696
399.499	330144
400.429	334488
400.520	335936
407.425	337384
407.508	338832
414.649	344624
414.755	347520
414.819	348968
414.853	350416
415.795	350892
