15.250	0
43.131	511
43.156	620
43.680	8812
43.741	14480
51.641	15928
57.843	23168
58.496	27512
58.543	30408
58.760	31856
70.076	33304
72.973	36200
73.043	37648
76.293	44888
76.394	47784
76.793	49232
88.249	50680
88.529	52128
88.605	60320
88.659	60816
93.167	63712
93.254	71904
93.299	72400
103.753	75296
103.856	83488
103.900	83984
107.953	86880
108.052	95072
108.098	95568
108.648	101360
108.741	104256
108.780	107152
119.655	110048
120.867	112944
121.740	115840
121.817	118736
123.389	126928
123.466	131768
123.499	134664
123.523	136112
123.625	137560
123.750	143352
123.799	144800
123.832	146248
123.850	147696
123.881	150592
124.918	153488
137.809	156384
137.980	164576
138.045	165072
138.618	170864
138.737	175208
138.782	179552
138.817	181000
139.054	185344
139.141	188240
139.170	192584
139.211	194032
139.256	195480
139.280	196928
139.318	198376
139.364	199824
139.989	205616
140.046	208512
140.633	211408
153.030	214304
153.142	220096
154.555	227336
154.682	235528
154.767	238920
154.820	240368
154.901	244712
154.954	249056
154.977	250504
155.181	251952
155.243	254848
155.295	257744
155.346	260640
155.382	262088
155.452	264984
155.479	266432
155.501	267880
155.562	270776
156.118	273672
156.182	275120
156.213	276568
156.270	279464
156.316	280912
168.810	282360
168.901	290552
169.028	292496
170.457	296840
170.593	304080
170.662	306976
170.776	309872
170.842	311320
170.864	314216
170.893	315664
170.949	317112
170.984	320008
170.997	321456
171.044	322904
171.218	324352
171.255	325800
171.305	328696
171.356	331592
171.406	333040
171.480	335936
171.504	337384
171.526	338832
171.596	341728
171.638	343176
171.659	344624
172.926	348968
172.985	350892
