15.171	0
36.946	511
36.961	619
37.517	8811
37.584	13032
37.636	14480
53.687	15928
53.764	20272
53.955	26064
69.842	31856
69.967	40048
70.035	44888
70.702	47784
83.349	49232
85.318	56472
85.412	63712
85.467	66608
85.844	72400
100.213	73848
100.503	75296
100.609	83488
100.649	83984
100.706	86880
100.747	88328
101.192	89776
101.219	92672
101.289	95568
101.322	97016
101.356	98464
101.386	99912
101.430	101360
101.459	102808
101.518	104256
101.549	105704
101.561	107152
112.885	108600
117.616	115840
117.721	124032
117.783	125976
117.888	127424
119.048	135616
119.104	139008
119.124	141904
128.137	144800
128.239	147696
128.845	150592
128.945	153488
133.391	159280
133.509	162176
134.940	165072
134.989	173264
135.018	181456
135.042	182448
135.053	185344
135.076	188240
143.723	194032
143.851	201272
144.457	205616
144.555	211408
148.440	212856
149.681	218648
149.798	221544
150.238	222992
150.913	227336
150.985	230232
151.020	231680
151.090	234576
151.118	236024
152.622	243264
152.681	251456
152.714	257744
161.339	263536
161.461	270776
161.514	275120
162.476	278016
162.546	280912
163.540	286704
163.641	292496
165.654	298288
165.732	304080
166.646	305528
167.253	313720
167.322	321456
167.384	327248
168.000	331592
168.038	333040
168.109	335936
168.139	337384
168.159	338832
168.864	341728
168.893	346072
169.759	350891
